   OBS/CM-1     UNC/CM-1 JU  KU  U  JL  KL  L   Source
   0.053004 6.700000e-07  1   1  1   1   1  0 23CaDiFu.1
   0.052315 6.700000e-07  2   1  1   2   1  0 23CaDiFu.2
   0.053093 3.300000e-07  2   2  1   2   2  0 23CaDiFu.3
   0.051299 6.700000e-07  3   1  1   3   1  0 23CaDiFu.4
   0.052062 3.300000e-07  3   2  1   3   2  0 23CaDiFu.5
   0.053358 3.300000e-07  3  -3  1   3   3  0 23CaDiFu.6
   0.053360 3.300000e-07  3   3  1   3  -3  0 23CaDiFu.7
   0.049977 6.700000e-07  4   1  1   4   1  0 23CaDiFu.8
   0.050720 3.300000e-07  4   2  1   4   2  0 23CaDiFu.9
   0.051989 3.300000e-07  4   3  1   4  -3  0 23CaDiFu.10
   0.051975 3.300000e-07  4  -3  1   4   3  0 23CaDiFu.11
   0.053804 3.300000e-07  4   4  1   4   4  0 23CaDiFu.12
   0.049093 3.300000e-07  5   2  1   5   2  0 23CaDiFu.13
   0.050342 3.300000e-07  5   3  1   5  -3  0 23CaDiFu.14
   0.050286 3.300000e-07  5  -3  1   5   3  0 23CaDiFu.15
   0.052074 3.300000e-07  5   4  1   5   4  0 23CaDiFu.16
   0.054430 3.300000e-07  5   5  1   5   5  0 23CaDiFu.17
   0.047215 3.300000e-07  6   2  1   6   2  0 23CaDiFu.18
   0.048302 3.300000e-07  6  -3  1   6   3  0 23CaDiFu.19
   0.048471 3.300000e-07  6   3  1   6  -3  0 23CaDiFu.20
   0.050077 3.300000e-07  6   4  1   6   4  0 23CaDiFu.21
   0.052338 3.300000e-07  6   5  1   6   5  0 23CaDiFu.22
   0.055245 3.300000e-07  6   6  1   6   6  0 23CaDiFu.23
   0.045119 3.300000e-07  7   2  1   7   2  0 23CaDiFu.24
   0.046446 3.300000e-07  7   3  1   7  -3  0 23CaDiFu.25
   0.046026 3.300000e-07  7  -3  1   7   3  0 23CaDiFu.26
   0.047848 3.300000e-07  7   4  1   7   4  0 23CaDiFu.27
   0.050005 3.300000e-07  7   5  1   7   5  0 23CaDiFu.28
   0.052777 3.300000e-07  7   6  1   7   6  0 23CaDiFu.29
   0.056255 3.300000e-07  7   7  1   7   7  0 23CaDiFu.30
   0.043443 3.300000e-07  8  -3  1   8   3  0 23CaDiFu.31
   0.045430 3.300000e-07  8   4  1   8   4  0 23CaDiFu.32
   0.047473 3.300000e-07  8   5  1   8   5  0 23CaDiFu.33
   0.050098 3.300000e-07  8   6  1   8   6  0 23CaDiFu.34
   0.053392 3.300000e-07  8   7  1   8   7  0 23CaDiFu.35
   0.057469 3.300000e-07  8   8  1   8   8  0 23CaDiFu.36
   0.044786 3.300000e-07  9   5  1   9   5  0 23CaDiFu.37
   0.047257 3.300000e-07  9   6  1   9   6  0 23CaDiFu.38
   0.050356 3.300000e-07  9   7  1   9   7  0 23CaDiFu.39
   0.054191 3.300000e-07  9   8  1   9   8  0 23CaDiFu.40
   0.058898 3.300000e-07  9   9  1   9   9  0 23CaDiFu.41
   0.044298 3.300000e-07 10   6  1  10   6  0 23CaDiFu.42
   0.047196 3.300000e-07 10   7  1  10   7  0 23CaDiFu.43
   0.050780 3.300000e-07 10   8  1  10   8  0 23CaDiFu.44
   0.055178 3.300000e-07 10   9  1  10   9  0 23CaDiFu.45
   0.060556 3.300000e-07 10  10  1  10  10  0 23CaDiFu.46
   0.043961 3.300000e-07 11   7  1  11   7  0 23CaDiFu.47
   0.047289 3.300000e-07 11   8  1  11   8  0 23CaDiFu.48
   0.051373 3.300000e-07 11   9  1  11   9  0 23CaDiFu.49
   0.056363 3.300000e-07 11  10  1  11  10  0 23CaDiFu.50
   0.062457 3.300000e-07 11  11  1  11  11  0 23CaDiFu.51
   0.043768 3.300000e-07 12   8  1  12   8  0 23CaDiFu.52
   0.047536 3.300000e-07 12   9  1  12   9  0 23CaDiFu.53
   0.052139 3.300000e-07 12  10  1  12  10  0 23CaDiFu.54
   0.057757 3.300000e-07 12  11  1  12  11  0 23CaDiFu.55
   0.064620 3.300000e-07 12  12  1  12  12  0 23CaDiFu.56
   0.043720 3.300000e-07 13   9  1  13   9  0 23CaDiFu.57
   0.047939 3.300000e-07 13  10  1  13  10  0 23CaDiFu.58
   0.053086 3.300000e-07 13  11  1  13  11  0 23CaDiFu.59
   0.059370 3.300000e-07 13  12  1  13  12  0 23CaDiFu.60
   0.067065 3.300000e-07 13  13  1  13  13  0 23CaDiFu.61
   0.043812 6.700000e-07 14  10  1  14  10  0 23CaDiFu.62
   0.048499 3.300000e-07 14  11  1  14  11  0 23CaDiFu.63
   0.054219 3.300000e-07 14  12  1  14  12  0 23CaDiFu.64
   0.061218 3.300000e-07 14  13  1  14  13  0 23CaDiFu.65
   0.069817 3.300000e-07 14  14  1  14  14  0 23CaDiFu.66
   0.049221 3.300000e-07 15  12  1  15  12  0 23CaDiFu.67
   0.055550 3.300000e-07 15  13  1  15  13  0 23CaDiFu.68
   0.063318 3.300000e-07 15  14  1  15  14  0 23CaDiFu.69
   0.072902 3.300000e-07 15  15  1  15  15  0 23CaDiFu.70
   0.065687 3.300000e-07 16  15  1  16  15  0 23CaDiFu.71
   0.076350 3.300000e-07 16  16  1  16  16  0 23CaDiFu.72
   0.058847 3.300000e-07 17  15  1  17  15  0 23CaDiFu.73
   0.068351 6.700000e-07 17  16  1  17  16  0 23CaDiFu.74
   0.080196 3.300000e-07 17  17  1  17  17  0 23CaDiFu.75
   0.071330 6.700000e-07 18  17  1  18  17  0 23CaDiFu.76
   0.084481 3.300000e-07 18  18  1  18  18  0 23CaDiFu.77
   0.074656 6.700000e-07 19  18  1  19  18  0 23CaDiFu.78
  10.231635 6.670000e-06  1   0  0   0   0  1 23CaDiFu.79
  10.337468 3.340000e-06  1   0  1   0   0  0 23CaDiFu.80
  20.511972 6.670000e-06  2   0  0   1   0  1 23CaDiFu.81
  20.616764 8.340000e-06  2   0  1   1   0  0 23CaDiFu.82
  20.513109 6.670000e-06  2   1  0   1   1  1 23CaDiFu.83
  20.618426 6.670000e-06  2   1  1   1   1  0 23CaDiFu.84
  30.790730 2.500000e-04  3   2  0   2   2  1 23CaDiFu.85
  30.895450 2.500000e-04  3   2  1   2   2  0 23CaDiFu.86
  41.050160 2.500000e-04  4   2  0   3   2  1 23CaDiFu.87
  41.153220 2.500000e-04  4   2  1   3   2  0 23CaDiFu.88
  41.063430 2.500000e-04  4   3  0   3   3  1 23CaDiFu.89
  41.168650 2.500000e-04  4  -3  1   3  -3  0 23CaDiFu.90
  51.377210 2.500000e-04  5   0  1   4   0  0 23CaDiFu.91
  51.282560 2.500000e-04  5   1  0   4   1  1 23CaDiFu.92
  51.380870 2.500000e-04  5   1  1   4   1  0 23CaDiFu.93
  51.292190 2.500000e-04  5   2  0   4   2  1 23CaDiFu.94
  51.392420 2.500000e-04  5   2  1   4   2  0 23CaDiFu.95
  51.308390 2.500000e-04  5  -3  0   4  -3  1 23CaDiFu.96
  69.329198 1.000000e-04  5   0  1   4  -3  1 23CaDiFu.97
  51.410770 2.500000e-04  5   3  1   4   3  0 23CaDiFu.98
  51.331180 2.500000e-04  5   4  0   4   4  1 23CaDiFu.99
  51.436760 2.500000e-04  5   4  1   4   4  0 23CaDiFu.100
  61.590016 1.000000e-04  6   0  1   5   0  0 23CaDiFu.101
  61.495846 1.000000e-04  6   0  0   5   0  1 23CaDiFu.102
  61.499368 1.000000e-04  6   1  0   5   1  1 23CaDiFu.103
  61.594632 1.000000e-04  6   1  1   5   1  0 23CaDiFu.104
  61.511304 1.000000e-04  6   2  0   5   2  1 23CaDiFu.105
  61.607502 1.000000e-04  6   2  1   5   2  0 23CaDiFu.106
  67.534699 1.000000e-04  6   1  0   5   2  0 23CaDiFu.107
  67.532508 1.000000e-04  6   1  1   5   2  1 23CaDiFu.108
  61.629587 1.000000e-04  6  -3  1   5  -3  0 23CaDiFu.109
  61.629587 1.000000e-03  6   3  1   5   3  0 23CaDiFu.110
  61.530466 1.000000e-04  6   3  0   5   3  1 23CaDiFu.111
  61.530466 1.000000e-03  6  -3  0   5  -3  1 23CaDiFu.112
  61.557567 1.000000e-03  6   4  0   5   4  1 23CaDiFu.113
  61.660049 1.000000e-04  6   4  1   5   4  0 23CaDiFu.114
  61.593254 1.000000e-04  6   5  0   5   5  1 23CaDiFu.115
  61.699853 1.000000e-04  6   5  1   5   5  0 23CaDiFu.116
  71.774574 1.000000e-04  7   0  1   6   0  0 23CaDiFu.117
  71.684302 1.000000e-04  7   0  0   6   0  1 23CaDiFu.118
  71.688557 1.000000e-04  7   1  0   6   1  1 23CaDiFu.119
  71.779665 1.000000e-04  7   1  1   6   1  0 23CaDiFu.120
  77.707202 1.000000e-03  7   1  1   6   2  1 23CaDiFu.121
  71.702205 1.000000e-04  7   2  0   6   2  1 23CaDiFu.122
  71.794709 1.000000e-04  7   2  1   6   2  0 23CaDiFu.123
  71.819734 1.000000e-03  7  -3  1   6  -3  0 23CaDiFu.124
  71.819734 1.000000e-04  7   3  1   6   3  0 23CaDiFu.125
  71.725071 1.000000e-04  7  -3  0   6  -3  1 23CaDiFu.126
  71.725071 1.000000e-03  7   3  0   6   3  1 23CaDiFu.127
  71.855122 1.000000e-04  7   4  1   6   4  0 23CaDiFu.128
  71.756893 1.000000e-03  7   4  0   6   4  1 23CaDiFu.129
 113.708226 1.000000e-04  7   2  1   6   5  1 23CaDiFu.130
  71.900880 1.000000e-03  7   5  1   6   5  0 23CaDiFu.131
  71.798355 1.000000e-04  7   5  0   6   5  1 23CaDiFu.132
  71.956844 1.000000e-04  7   6  1   6   6  0 23CaDiFu.133
  71.848980 1.000000e-04  7   6  0   6   6  1 23CaDiFu.134
  81.840612 1.000000e-04  8   0  0   7   0  1 23CaDiFu.135
  81.927245 1.000000e-04  8   0  1   7   0  0 23CaDiFu.136
  81.846057 1.000000e-04  8   1  0   7   1  1 23CaDiFu.137
  81.932358 1.000000e-04  8   1  1   7   1  0 23CaDiFu.138
  81.861578 1.000000e-03  8   2  0   7   2  1 23CaDiFu.139
  81.949363 1.000000e-04  8   2  1   7   2  0 23CaDiFu.140
  81.887624 1.000000e-04  8   3  0   7   3  1 23CaDiFu.141
  99.777064 1.000000e-04  8   0  0   7  -3  0 23CaDiFu.142
  81.977889 1.000000e-04  8  -3  1   7  -3  0 23CaDiFu.143
  81.977889 1.000000e-03  8   3  1   7   3  0 23CaDiFu.144
  81.887624 1.000000e-03  8  -3  0   7  -3  1 23CaDiFu.145
  82.017741 1.000000e-04  8   4  1   7   4  0 23CaDiFu.146
  81.924025 1.000000e-03  8   4  0   7   4  1 23CaDiFu.147
  82.069160 1.000000e-03  8   5  1   7   5  0 23CaDiFu.148
  81.971440 1.000000e-04  8   5  0   7   5  1 23CaDiFu.149
  82.132079 1.000000e-04  8   6  1   7   6  0 23CaDiFu.150
  82.029171 1.000000e-04  8   6  0   7   6  1 23CaDiFu.151
  82.207997 1.000000e-04  8   7  1   7   7  0 23CaDiFu.152
  82.097921 1.000000e-03  8   7  0   7   7  1 23CaDiFu.153
  92.042722 1.000000e-04  9   0  1   8   0  0 23CaDiFu.154
  91.960794 1.000000e-04  9   0  0   8   0  1 23CaDiFu.155
  91.966936 1.000000e-04  9   1  0   8   1  1 23CaDiFu.156
  92.048947 1.000000e-04  9   1  1   8   1  0 23CaDiFu.157
  91.984481 1.000000e-04  9   2  0   8   2  1 23CaDiFu.158
  92.067796 1.000000e-04  9   2  1   8   2  0 23CaDiFu.159
  92.013695 1.000000e-03  9   3  0   8   3  1 23CaDiFu.160
  92.013695 1.000000e-04  9  -3  0   8  -3  1 23CaDiFu.161
  92.099210 1.000000e-04  9   3  1   8   3  0 23CaDiFu.162
  92.099210 1.000000e-03  9  -3  1   8  -3  0 23CaDiFu.163
  92.143128 1.000000e-04  9   4  1   8   4  0 23CaDiFu.164
  92.054902 1.000000e-04  9   4  0   8   4  1 23CaDiFu.165
  92.200237 1.000000e-04  9   5  1   8   5  0 23CaDiFu.166
  92.107969 1.000000e-04  9   5  0   8   5  1 23CaDiFu.167
  92.173025 1.000000e-04  9   6  0   8   6  1 23CaDiFu.168
  92.270414 1.000000e-04  9   6  1   8   6  0 23CaDiFu.169
  92.250438 1.000000e-04  9   7  0   8   7  1 23CaDiFu.170
  92.354040 1.000000e-04  9   7  1   8   7  0 23CaDiFu.171
  92.340117 1.000000e-04  9   8  0   8   8  1 23CaDiFu.172
  92.451670 1.000000e-04  9   8  1   8   8  0 23CaDiFu.173
 102.041095 1.000000e-04 10   0  0   9   0  1 23CaDiFu.174
 102.117887 1.000000e-04 10   0  1   9   0  0 23CaDiFu.175
  84.350948 1.000000e-04 10  -3  1   9   0  1 23CaDiFu.176
 102.047543 1.000000e-04 10   1  0   9   1  1 23CaDiFu.177
 102.124681 1.000000e-04 10   1  1   9   1  0 23CaDiFu.178
 102.066926 1.000000e-04 10   2  0   9   2  1 23CaDiFu.179
 102.145128 1.000000e-04 10   2  1   9   2  0 23CaDiFu.180
 102.099486 1.000000e-04 10   3  0   9   3  1 23CaDiFu.181
 102.099486 1.000000e-03 10  -3  0   9  -3  1 23CaDiFu.182
 102.179607 1.000000e-04 10  -3  1   9  -3  0 23CaDiFu.183
 102.179607 1.000000e-03 10   3  1   9   3  0 23CaDiFu.184
 131.763403 1.000000e-04 10   1  1   9   4  1 23CaDiFu.185
 102.145086 1.000000e-04 10   4  0   9   4  1 23CaDiFu.186
 102.227906 1.000000e-04 10   4  1   9   4  0 23CaDiFu.187
 143.729075 1.000000e-04 10   2  0   9   5  0 23CaDiFu.188
 102.203544 1.000000e-04 10   5  0   9   5  1 23CaDiFu.189
 102.290157 1.000000e-04 10   5  1   9   5  0 23CaDiFu.190
 143.722559 1.000000e-04 10   2  1   9   5  1 23CaDiFu.191
 102.275583 1.000000e-04 10   6  0   9   6  1 23CaDiFu.192
 102.367178 1.000000e-04 10   6  1   9   6  0 23CaDiFu.193
 102.361178 1.000000e-04 10   7  0   9   7  1 23CaDiFu.194
 102.458774 1.000000e-04 10   7  1   9   7  0 23CaDiFu.195
 167.864335 1.000000e-04 10   4  1   9   7  1 23CaDiFu.196
 102.460598 1.000000e-04 10   8  0   9   8  1 23CaDiFu.197
 102.565607 1.000000e-04 10   8  1   9   8  0 23CaDiFu.198
  89.978142 1.000000e-04  9  -6  1   9   9  1 23CaDiFu.199
  89.990054 1.000000e-04  9   6  0   9   9  0 23CaDiFu.200
 102.574110 1.000000e-04 10   9  0   9   9  1 23CaDiFu.201
 102.688266 1.000000e-04 10   9  1   9   9  0 23CaDiFu.202
 112.076599 1.000000e-04 11   0  0  10   0  1 23CaDiFu.203
 112.148439 1.000000e-04 11   0  1  10   0  0 23CaDiFu.204
  94.449579 1.000000e-04 11  -3  0  10   0  0 23CaDiFu.205
 112.155744 1.000000e-04 11   1  1  10   1  0 23CaDiFu.206
 112.083663 1.000000e-04 11   1  0  10   1  1 23CaDiFu.207
 112.178131 1.000000e-04 11   2  1  10   2  0 23CaDiFu.208
 112.104883 1.000000e-04 11   2  0  10   2  1 23CaDiFu.209
 112.215817 1.000000e-04 11   3  1  10   3  0 23CaDiFu.210
 112.214755 1.000000e-04 11  -3  1  10  -3  0 23CaDiFu.211
 112.139770 1.000000e-04 11  -3  0  10  -3  1 23CaDiFu.212
 112.140915 1.000000e-03 11   3  0  10   3  1 23CaDiFu.213
 129.838774 1.000000e-04 11   0  1  10  -3  1 23CaDiFu.214
 112.267935 1.000000e-04 11   4  1  10   4  0 23CaDiFu.215
 112.190048 1.000000e-03 11   4  0  10   4  1 23CaDiFu.216
 141.696513 1.000000e-04 11   1  1  10   4  1 23CaDiFu.217
 112.335374 1.000000e-04 11   5  1  10   5  0 23CaDiFu.218
 112.254283 1.000000e-04 11   5  0  10   5  1 23CaDiFu.219
 112.418711 1.000000e-04 11   6  1  10   6  0 23CaDiFu.220
 112.333242 1.000000e-04 11   6  0  10   6  1 23CaDiFu.221
 165.611955 1.000000e-04 11   3  1  10  -6  1 23CaDiFu.222
 165.617456 1.000000e-04 11  -3  0  10  -6  0 23CaDiFu.223
 112.518053 1.000000e-04 11   7  1  10   7  0 23CaDiFu.224
 112.426851 1.000000e-04 11   7  0  10   7  1 23CaDiFu.225
 112.633745 1.000000e-04 11   8  1  10   8  0 23CaDiFu.226
 112.535662 1.000000e-04 11   8  0  10   8  1 23CaDiFu.227
 112.659929 1.000000e-04 11   9  0  10   9  1 23CaDiFu.228
 112.766382 1.000000e-04 11   9  1  10   9  0 23CaDiFu.229
 101.819203 1.000000e-04 10   7  1  10  10  1 23CaDiFu.230
 112.916775 1.000000e-04 11  10  1  10  10  0 23CaDiFu.231
 112.799809 1.000000e-04 11  10  0  10  10  1 23CaDiFu.232
 122.130599 1.000000e-04 12   0  1  11   0  0 23CaDiFu.233
 122.063956 1.000000e-04 12   0  0  11   0  1 23CaDiFu.234
 104.502081 1.000000e-04 12  -3  1  11   0  1 23CaDiFu.235
 122.138487 1.000000e-04 12   1  1  11   1  0 23CaDiFu.236
 122.071526 1.000000e-04 12   1  0  11   1  1 23CaDiFu.237
 122.162473 1.000000e-04 12   2  1  11   2  0 23CaDiFu.238
 122.094502 1.000000e-04 12   2  0  11   2  1 23CaDiFu.239
 122.201553 1.000000e-04 12  -3  1  11  -3  0 23CaDiFu.240
 122.203645 1.000000e-04 12   3  1  11   3  0 23CaDiFu.241
 122.133750 1.000000e-04 12   3  0  11   3  1 23CaDiFu.242
 122.131788 1.000000e-04 12  -3  0  11  -3  1 23CaDiFu.243
 122.258892 1.000000e-04 12   4  1  11   4  0 23CaDiFu.244
 122.186769 1.000000e-04 12   4  0  11   4  1 23CaDiFu.245
 122.331828 1.000000e-04 12   5  1  11   5  0 23CaDiFu.246
 122.256186 1.000000e-04 12   5  0  11   5  1 23CaDiFu.247
 122.421230 1.000000e-04 12   6  1  11   6  0 23CaDiFu.248
 122.341735 1.000000e-04 12   6  0  11   6  1 23CaDiFu.249
 187.443605 1.000000e-04 12   4  0  11   7  0 23CaDiFu.250
 122.527830 1.000000e-04 12   7  1  11   7  0 23CaDiFu.251
 122.443231 1.000000e-04 12   7  0  11   7  1 23CaDiFu.252
 187.434549 1.000000e-04 12   4  1  11   7  1 23CaDiFu.253
 122.652126 1.000000e-04 12   8  1  11   8  0 23CaDiFu.254
 122.561135 1.000000e-04 12   8  0  11   8  1 23CaDiFu.255
  89.331925 1.000000e-04 11  -6  1  11   9  1 23CaDiFu.256
  89.342304 1.000000e-04 11   6  0  11   9  0 23CaDiFu.257
 122.794665 1.000000e-04 12   9  1  11   9  0 23CaDiFu.258
 122.695781 1.000000e-04 12   9  0  11   9  1 23CaDiFu.259
 122.847471 1.000000e-04 12  10  0  11  10  1 23CaDiFu.260
 122.955999 1.000000e-04 12  10  1  11  10  0 23CaDiFu.261
 113.514355 1.000000e-04 11   8  1  11  11  1 23CaDiFu.262
 123.016777 1.000000e-04 12  11  0  11  11  1 23CaDiFu.263
 123.137015 1.000000e-04 12  11  1  11  11  0 23CaDiFu.264
 131.999155 1.000000e-04 13   0  0  12   0  1 23CaDiFu.265
 132.060776 1.000000e-04 13   0  1  12   0  0 23CaDiFu.266
 132.007278 1.000000e-04 13   1  0  12   1  1 23CaDiFu.267
 132.069299 1.000000e-04 13   1  1  12   1  0 23CaDiFu.268
 132.032032 1.000000e-04 13   2  0  12   2  1 23CaDiFu.269
 132.094835 1.000000e-04 13   2  1  12   2  0 23CaDiFu.270
 132.074585 1.000000e-04 13   3  0  12   3  1 23CaDiFu.271
 132.071774 1.000000e-04 13  -3  0  12  -3  1 23CaDiFu.272
 132.139034 1.000000e-04 13   3  1  12   3  0 23CaDiFu.273
 132.136198 1.000000e-04 13  -3  1  12  -3  0 23CaDiFu.274
 132.131063 1.000000e-04 13   4  0  12   4  1 23CaDiFu.275
 132.197729 1.000000e-04 13   4  1  12   4  0 23CaDiFu.276
 132.205792 1.000000e-04 13   5  0  12   5  1 23CaDiFu.277
 132.275371 1.000000e-04 13   5  1  12   5  0 23CaDiFu.278
 132.297508 1.000000e-04 13   6  0  12   6  1 23CaDiFu.279
 132.370874 1.000000e-04 13   6  1  12   6  0 23CaDiFu.280
 132.406509 1.000000e-04 13   7  0  12   7  1 23CaDiFu.281
 132.484659 1.000000e-04 13   7  1  12   7  0 23CaDiFu.282
 132.533172 1.000000e-04 13   8  0  12   8  1 23CaDiFu.283
 132.617227 1.000000e-04 13   8  1  12   8  0 23CaDiFu.284
 132.677834 1.000000e-04 13   9  0  12   9  1 23CaDiFu.285
 132.769034 1.000000e-04 13   9  1  12   9  0 23CaDiFu.286
 132.840885 1.000000e-04 13  10  0  12  10  1 23CaDiFu.287
 132.940895 1.000000e-04 13  10  1  12  10  0 23CaDiFu.288
 133.133739 1.000000e-04 13  11  1  12  11  0 23CaDiFu.289
 133.022808 1.000000e-04 13  11  0  12  11  1 23CaDiFu.290
 133.348273 1.000000e-04 13  12  1  12  12  0 23CaDiFu.291
 133.224293 1.000000e-04 13  12  0  12  12  1 23CaDiFu.292
 141.878790 1.000000e-04 14   0  0  13   0  1 23CaDiFu.293
 141.935369 1.000000e-04 14   0  1  13   0  0 23CaDiFu.294
 141.944356 1.000000e-04 14   1  1  13   1  0 23CaDiFu.295
 141.887546 1.000000e-04 14   1  0  13   1  1 23CaDiFu.296
 141.971564 1.000000e-04 14   2  1  13   2  0 23CaDiFu.297
 141.913876 1.000000e-04 14   2  0  13   2  1 23CaDiFu.298
 142.014858 1.000000e-04 14  -3  1  13  -3  0 23CaDiFu.299
 142.019313 1.000000e-03 14   3  1  13   3  0 23CaDiFu.300
 141.959798 1.000000e-04 14   3  0  13   3  1 23CaDiFu.301
 141.955666 1.000000e-04 14  -3  0  13  -3  1 23CaDiFu.302
 142.080613 1.000000e-04 14   4  1  13   4  0 23CaDiFu.303
 142.019313 1.000000e-04 14   4  0  13   4  1 23CaDiFu.304
 142.162955 1.000000e-04 14   5  1  13   5  0 23CaDiFu.305
 142.099118 1.000000e-04 14   5  0  13   5  1 23CaDiFu.306
 142.264143 1.000000e-04 14   6  1  13   6  0 23CaDiFu.307
 142.196898 1.000000e-04 14   6  0  13   6  1 23CaDiFu.308
 142.385181 1.000000e-03 14   7  1  13   7  0 23CaDiFu.309
 142.313129 1.000000e-04 14   7  0  13   7  1 23CaDiFu.310
 142.525259 1.000000e-04 14   8  1  13   8  0 23CaDiFu.311
 142.448123 1.000000e-04 14   8  0  13   8  1 23CaDiFu.312
 142.602438 1.000000e-04 14   9  0  13   9  1 23CaDiFu.313
 142.686133 1.000000e-04 14   9  1  13   9  0 23CaDiFu.314
 142.776417 1.000000e-04 14  10  0  13  10  1 23CaDiFu.315
 142.868316 1.000000e-04 14  10  1  13  10  0 23CaDiFu.316
 142.970609 1.000000e-04 14  11  0  13  11  1 23CaDiFu.317
 143.072183 1.000000e-04 14  11  1  13  11  0 23CaDiFu.318
 143.185547 1.000000e-04 14  12  0  13  12  1 23CaDiFu.319
 143.299170 1.000000e-04 14  12  1  13  12  0 23CaDiFu.320
 143.421794 1.000000e-04 14  13  0  13  13  1 23CaDiFu.321
 143.550142 1.000000e-04 14  13  1  13  13  0 23CaDiFu.322
 151.699637 1.000000e-04 15   0  0  14   0  1 23CaDiFu.323
 151.751020 1.000000e-04 15   0  1  14   0  0 23CaDiFu.324
 151.708780 1.000000e-04 15   1  0  14   1  1 23CaDiFu.325
 151.760643 1.000000e-04 15   1  1  14   1  0 23CaDiFu.326
 151.736616 1.000000e-04 15   2  0  14   2  1 23CaDiFu.327
 151.789161 1.000000e-04 15   2  1  14   2  0 23CaDiFu.328
 151.780372 1.000000e-04 15  -3  0  14  -3  1 23CaDiFu.329
 151.785878 1.000000e-04 15   3  0  14   3  1 23CaDiFu.330
 151.839932 1.000000e-04 15   3  1  14   3  0 23CaDiFu.331
 151.834231 1.000000e-04 15  -3  1  14  -3  0 23CaDiFu.332
 151.848455 1.000000e-04 15   4  0  14   4  1 23CaDiFu.333
 151.904276 1.000000e-04 15   4  1  14   4  0 23CaDiFu.334
 151.932762 1.000000e-04 15   5  0  14   5  1 23CaDiFu.335
 151.991088 1.000000e-04 15   5  1  14   5  0 23CaDiFu.336
 152.036468 1.000000e-04 15   6  0  14   6  1 23CaDiFu.337
 152.097859 1.000000e-04 15   6  1  14   6  0 23CaDiFu.338
 152.159646 1.000000e-04 15   7  0  14   7  1 23CaDiFu.339
 152.224997 1.000000e-04 15   7  1  14   7  0 23CaDiFu.340
 152.372963 1.000000e-04 15   8  1  14   8  0 23CaDiFu.341
 152.302553 1.000000e-04 15   8  0  14   8  1 23CaDiFu.342
 152.542474 1.000000e-04 15   9  1  14   9  0 23CaDiFu.343
 152.466169 1.000000e-04 15   9  0  14   9  1 23CaDiFu.344
 152.734099 1.000000e-04 15  10  1  14  10  0 23CaDiFu.345
 152.650554 1.000000e-04 15  10  0  14  10  1 23CaDiFu.346
 152.948942 1.000000e-04 15  11  1  14  11  0 23CaDiFu.347
 152.856388 1.000000e-04 15  11  0  14  11  1 23CaDiFu.348
 153.187681 1.000000e-04 15  12  1  14  12  0 23CaDiFu.349
 153.084329 1.000000e-04 15  12  0  14  12  1 23CaDiFu.350
 153.334841 1.000000e-04 15  13  0  14  13  1 23CaDiFu.351
 153.451618 1.000000e-04 15  13  1  14  13  0 23CaDiFu.352
 153.609119 1.000000e-04 15  14  0  14  14  1 23CaDiFu.353
 153.742269 1.000000e-04 15  14  1  14  14  0 23CaDiFu.354
 161.504768 1.000000e-04 16   0  1  15   0  0 23CaDiFu.355
 161.457874 1.000000e-04 16   0  0  15   0  1 23CaDiFu.356
 161.514746 1.000000e-04 16   1  1  15   1  0 23CaDiFu.357
 161.467709 1.000000e-04 16   1  0  15   1  1 23CaDiFu.358
 161.544777 1.000000e-04 16   2  1  15   2  0 23CaDiFu.359
 161.496962 1.000000e-04 16   2  0  15   2  1 23CaDiFu.360
 161.591046 1.000000e-04 16  -3  1  15  -3  0 23CaDiFu.361
 161.598883 1.000000e-04 16   3  1  15   3  0 23CaDiFu.362
 161.549945 1.000000e-04 16   3  0  15   3  1 23CaDiFu.363
 161.542135 1.000000e-04 16  -3  0  15  -3  1 23CaDiFu.364
 161.614955 1.000000e-04 16   4  0  15   4  1 23CaDiFu.365
 161.665475 1.000000e-04 16   4  1  15   4  0 23CaDiFu.366
 161.703790 1.000000e-04 16   5  0  15   5  1 23CaDiFu.367
 161.756620 1.000000e-04 16   5  1  15   5  0 23CaDiFu.368
 161.812872 1.000000e-04 16   6  0  15   6  1 23CaDiFu.369
 161.868682 1.000000e-04 16   6  1  15   6  0 23CaDiFu.370
 161.942763 1.000000e-04 16   7  0  15   7  1 23CaDiFu.371
 162.002035 1.000000e-04 16   7  1  15   7  0 23CaDiFu.372
 162.093464 1.000000e-04 16   8  0  15   8  1 23CaDiFu.373
 162.157284 1.000000e-04 16   8  1  15   8  0 23CaDiFu.374
 162.265771 1.000000e-04 16   9  0  15   9  1 23CaDiFu.375
 162.334893 1.000000e-04 16   9  1  15   9  0 23CaDiFu.376
 162.460079 1.000000e-04 16  10  0  15  10  1 23CaDiFu.377
 162.535849 1.000000e-04 16  10  1  15  10  0 23CaDiFu.378
 162.677001 1.000000e-04 16  11  0  15  11  1 23CaDiFu.379
 162.760828 1.000000e-04 16  11  1  15  11  0 23CaDiFu.380
 162.917217 1.000000e-04 16  12  0  15  12  1 23CaDiFu.381
 163.010888 1.000000e-04 16  12  1  15  12  0 23CaDiFu.382
 163.181481 1.000000e-04 16  13  0  15  13  1 23CaDiFu.383
 163.287007 1.000000e-04 16  13  1  15  13  0 23CaDiFu.384
 163.470565 1.000000e-04 16  14  0  15  14  1 23CaDiFu.385
 163.591001 1.000000e-04 16  14  1  15  14  0 23CaDiFu.386
 163.785478 1.000000e-04 16  15  0  15  15  1 23CaDiFu.387
 163.924017 1.000000e-04 16  15  1  15  15  0 23CaDiFu.388
 171.151278 1.000000e-04 17   0  0  16   0  1 23CaDiFu.389
 171.193096 1.000000e-04 17   0  1  16   0  0 23CaDiFu.390
 171.161417 1.000000e-04 17   1  0  16   1  1 23CaDiFu.391
 171.203771 1.000000e-04 17   1  1  16   1  0 23CaDiFu.392
 171.235286 1.000000e-04 17   2  1  16   2  0 23CaDiFu.393
 171.193096 1.000000e-03 17   2  0  16   2  1 23CaDiFu.394
 171.282492 1.000000e-04 17  -3  1  16  -3  0 23CaDiFu.395
 171.238601 1.000000e-04 17  -3  0  16  -3  1 23CaDiFu.396
 171.248750 1.000000e-04 17   3  0  16   3  1 23CaDiFu.397
 171.292937 1.000000e-04 17   3  1  16   3  0 23CaDiFu.398
 171.361418 1.000000e-04 17   4  1  16   4  0 23CaDiFu.399
 171.315834 1.000000e-04 17   4  0  16   4  1 23CaDiFu.400
 171.456572 1.000000e-04 17   5  1  16   5  0 23CaDiFu.401
 171.409004 1.000000e-04 17   5  0  16   5  1 23CaDiFu.402
 171.573579 1.000000e-04 17   6  1  16   6  0 23CaDiFu.403
 171.523404 1.000000e-04 17   6  0  16   6  1 23CaDiFu.404
 171.712763 1.000000e-04 17   7  1  16   7  0 23CaDiFu.405
 171.659473 1.000000e-04 17   7  0  16   7  1 23CaDiFu.406
 171.874978 1.000000e-04 17   8  1  16   8  0 23CaDiFu.407
 171.817565 1.000000e-04 17   8  0  16   8  1 23CaDiFu.408
 172.060448 1.000000e-04 17   9  1  16   9  0 23CaDiFu.409
 171.998213 1.000000e-04 17   9  0  16   9  1 23CaDiFu.410
 172.270116 1.000000e-04 17  10  1  16  10  0 23CaDiFu.411
 172.201902 1.000000e-04 17  10  0  16  10  1 23CaDiFu.412
 172.504790 1.000000e-04 17  11  1  16  11  0 23CaDiFu.413
 172.429310 1.000000e-04 17  11  0  16  11  1 23CaDiFu.414
 172.765463 1.000000e-04 17  12  1  16  12  0 23CaDiFu.415
 172.681187 1.000000e-04 17  12  0  16  12  1 23CaDiFu.416
 172.958356 1.000000e-04 17  13  0  16  13  1 23CaDiFu.417
 173.053391 1.000000e-04 17  13  1  16  13  0 23CaDiFu.418
 173.261576 1.000000e-04 17  14  0  16  14  1 23CaDiFu.419
 173.369859 1.000000e-04 17  14  1  16  14  0 23CaDiFu.420
 173.591965 1.000000e-04 17  15  0  16  15  1 23CaDiFu.421
 173.716487 1.000000e-04 17  15  1  16  15  0 23CaDiFu.422
 173.950396 1.000000e-04 17  16  0  16  16  1 23CaDiFu.423
 174.095079 1.000000e-04 17  16  1  16  16  0 23CaDiFu.424
 180.776438 1.000000e-04 18   0  0  17   0  1 23CaDiFu.425
 180.814135 1.000000e-04 18   0  1  17   0  0 23CaDiFu.426
 180.787164 1.000000e-04 18   1  0  17   1  1 23CaDiFu.427
 180.825124 1.000000e-04 18   1  1  17   1  0 23CaDiFu.428
 180.819287 1.000000e-04 18   2  0  17   2  1 23CaDiFu.429
 180.857848 1.000000e-04 18   2  1  17   2  0 23CaDiFu.430
 180.879561 1.000000e-04 18   3  0  17   3  1 23CaDiFu.431
 180.866129 1.000000e-04 18  -3  0  17  -3  1 23CaDiFu.432
 180.905469 1.000000e-04 18  -3  1  17  -3  0 23CaDiFu.433
 180.919187 1.000000e-04 18   3  1  17   3  0 23CaDiFu.434
 180.948250 1.000000e-04 18   4  0  17   4  1 23CaDiFu.435
 180.989062 1.000000e-04 18   4  1  17   4  0 23CaDiFu.436
 181.045465 1.000000e-04 18   5  0  17   5  1 23CaDiFu.437
 181.088083 1.000000e-04 18   5  1  17   5  0 23CaDiFu.438
 181.164881 1.000000e-04 18   6  0  17   6  1 23CaDiFu.439
 181.209888 1.000000e-04 18   6  1  17   6  0 23CaDiFu.440
 181.306927 1.000000e-04 18   7  0  17   7  1 23CaDiFu.441
 181.354648 1.000000e-04 18   7  1  17   7  0 23CaDiFu.442
 181.471862 1.000000e-04 18   8  0  17   8  1 23CaDiFu.443
 181.523198 1.000000e-04 18   8  1  17   8  0 23CaDiFu.444
 181.716178 1.000000e-04 18   9  1  17   9  0 23CaDiFu.445
 181.660812 1.000000e-03 18   9  0  17   9  1 23CaDiFu.446
 181.934129 1.000000e-04 18  10  1  17  10  0 23CaDiFu.447
 181.872989 1.000000e-04 18  10  0  17  10  1 23CaDiFu.448
 182.177953 1.000000e-04 18  11  1  17  11  0 23CaDiFu.449
 182.110311 1.000000e-04 18  11  0  17  11  1 23CaDiFu.450
 182.448641 1.000000e-04 18  12  1  17  12  0 23CaDiFu.451
 182.373350 1.000000e-04 18  12  0  17  12  1 23CaDiFu.452
 182.662550 1.000000e-04 18  13  0  17  13  1 23CaDiFu.453
 182.747604 1.000000e-04 18  13  1  17  13  0 23CaDiFu.454
 182.979187 1.000000e-04 18  14  0  17  14  1 23CaDiFu.455
 183.075927 1.000000e-04 18  14  1  17  14  0 23CaDiFu.456
 183.324051 1.000000e-04 18  15  0  17  15  1 23CaDiFu.457
 183.435404 1.000000e-04 18  15  1  17  15  0 23CaDiFu.458
 183.698375 1.000000e-04 18  16  0  17  16  1 23CaDiFu.459
 183.827677 1.000000e-04 18  16  1  17  16  0 23CaDiFu.460
 184.103514 1.000000e-04 18  17  0  17  17  1 23CaDiFu.461
 184.255063 1.000000e-04 18  17  1  17  17  0 23CaDiFu.462
 190.364612 1.000000e-04 19   0  1  18   0  0 23CaDiFu.463
 190.331176 1.000000e-04 19   0  0  18   0  1 23CaDiFu.464
 190.375688 1.000000e-04 19   1  1  18   1  0 23CaDiFu.465
 190.342026 1.000000e-04 19   1  0  18   1  1 23CaDiFu.466
 190.409792 1.000000e-04 19   2  1  18   2  0 23CaDiFu.467
 190.375688 1.000000e-04 19   2  0  18   2  1 23CaDiFu.468
 190.422577 1.000000e-04 19  -3  0  18  -3  1 23CaDiFu.469
 190.439800 1.000000e-04 19   3  0  18   3  1 23CaDiFu.470
 190.475179 1.000000e-04 19   3  1  18   3  0 23CaDiFu.471
 190.457470 1.000000e-04 19  -3  1  18  -3  0 23CaDiFu.472
 190.509518 1.000000e-04 19   4  0  18   4  1 23CaDiFu.473
 190.545871 1.000000e-04 19   4  1  18   4  0 23CaDiFu.474
 190.610581 1.000000e-04 19   5  0  18   5  1 23CaDiFu.475
 190.648507 1.000000e-04 19   5  1  18   5  0 23CaDiFu.476
 190.734712 1.000000e-04 19   6  0  18   6  1 23CaDiFu.477
 190.775289 1.000000e-03 19   6  1  18   6  0 23CaDiFu.478
 190.882411 1.000000e-04 19   7  0  18   7  1 23CaDiFu.479
 190.924909 1.000000e-04 19   7  1  18   7  0 23CaDiFu.480
 191.053901 1.000000e-04 19   8  0  18   8  1 23CaDiFu.481
 191.099601 1.000000e-04 19   8  1  18   8  0 23CaDiFu.482
 191.249789 1.000000e-04 19   9  0  18   9  1 23CaDiFu.483
 191.299028 1.000000e-03 19   9  1  18   9  0 23CaDiFu.484
 191.470913 1.000000e-04 19  10  0  18  10  1 23CaDiFu.485
 191.525189 1.000000e-04 19  10  1  18  10  0 23CaDiFu.486
 191.717581 1.000000e-04 19  11  0  18  11  1 23CaDiFu.487
 191.777593 1.000000e-04 19  11  1  18  11  0 23CaDiFu.488
 191.990842 1.000000e-04 19  12  0  18  12  1 23CaDiFu.489
 192.057974 1.000000e-04 19  12  1  18  12  0 23CaDiFu.490
 192.291581 1.000000e-04 19  13  0  18  13  1 23CaDiFu.491
 192.367064 1.000000e-04 19  13  1  18  13  0 23CaDiFu.492
 192.620678 1.000000e-04 19  14  0  18  14  1 23CaDiFu.493
 192.706709 1.000000e-04 19  14  1  18  14  0 23CaDiFu.494
 193.077996 1.000000e-04 19  15  1  18  15  0 23CaDiFu.495
 192.979126 1.000000e-04 19  15  0  18  15  1 23CaDiFu.496
 193.483221 1.000000e-04 19  16  1  18  16  0 23CaDiFu.497
 193.368471 1.000000e-04 19  16  0  18  16  1 23CaDiFu.498
 193.924065 1.000000e-04 19  17  1  18  17  0 23CaDiFu.499
 193.789723 1.000000e-04 19  17  0  18  17  1 23CaDiFu.500
 194.403348 1.000000e-04 19  18  1  18  18  0 23CaDiFu.501
 194.244354 1.000000e-04 19  18  0  18  18  1 23CaDiFu.502
 199.811967 1.000000e-04 20   0  0  19   0  1 23CaDiFu.503
 199.841890 1.000000e-04 20   0  1  19   0  0 23CaDiFu.504
 199.823579 1.000000e-04 20   1  0  19   1  1 23CaDiFu.505
 199.853523 1.000000e-04 20   1  1  19   1  0 23CaDiFu.506
 199.858106 1.000000e-04 20   2  0  19   2  1 23CaDiFu.507
 199.888551 1.000000e-04 20   2  1  19   2  0 23CaDiFu.508
 199.926826 1.000000e-04 20   3  0  19   3  1 23CaDiFu.509
 199.905002 1.000000e-04 20  -3  0  19  -3  1 23CaDiFu.510
 199.935798 1.000000e-04 20  -3  1  19  -3  0 23CaDiFu.511
 199.958213 1.000000e-04 20   3  1  19   3  0 23CaDiFu.512
 199.996979 1.000000e-04 20   4  0  19   4  1 23CaDiFu.513
 200.029194 1.000000e-04 20   4  1  19   4  0 23CaDiFu.514
 200.101775 1.000000e-04 20   5  0  19   5  1 23CaDiFu.515
 200.135340 1.000000e-04 20   5  1  19   5  0 23CaDiFu.516
 200.265774 1.000000e-04 20   6  1  19   6  0 23CaDiFu.517
 200.230376 1.000000e-04 20   6  0  19   6  1 23CaDiFu.518
 200.420936 1.000000e-04 20   7  1  19   7  0 23CaDiFu.519
 200.382907 1.000000e-03 20   7  0  19   7  1 23CaDiFu.520
 200.560894 1.000000e-04 20   8  0  19   8  1 23CaDiFu.521
 200.601349 1.000000e-04 20   8  1  19   8  0 23CaDiFu.522
 200.763851 1.000000e-04 20   9  0  19   9  1 23CaDiFu.523
 200.807706 1.000000e-04 20   9  1  19   9  0 23CaDiFu.524
 200.992737 1.000000e-04 20  10  0  19  10  1 23CaDiFu.525
 201.040774 1.000000e-04 20  10  1  19  10  0 23CaDiFu.526
 201.248294 1.000000e-04 20  11  0  19  11  1 23CaDiFu.527
 201.301398 1.000000e-04 20  11  1  19  11  0 23CaDiFu.528
 201.531270 1.000000e-04 20  12  0  19  12  1 23CaDiFu.529
 201.590559 1.000000e-04 20  12  1  19  12  0 23CaDiFu.530
 201.842595 1.000000e-04 20  13  0  19  13  1 23CaDiFu.531
 201.909424 1.000000e-04 20  13  1  19  13  0 23CaDiFu.532
 202.183415 1.000000e-04 20  14  0  19  14  1 23CaDiFu.533
 202.259479 1.000000e-04 20  14  1  19  14  0 23CaDiFu.534
 202.554590 1.000000e-04 20  15  0  19  15  1 23CaDiFu.535
 202.642021 1.000000e-04 20  15  1  19  15  0 23CaDiFu.536
 202.957890 1.000000e-04 20  16  0  19  16  1 23CaDiFu.537
 203.059245 1.000000e-04 20  16  1  19  16  0 23CaDiFu.538
 203.393971 1.000000e-04 20  17  0  19  17  1 23CaDiFu.539
 203.512752 1.000000e-04 20  17  1  19  17  0 23CaDiFu.540
 203.865082 1.000000e-04 20  18  0  19  18  1 23CaDiFu.541
 204.005363 1.000000e-04 20  18  1  19  18  0 23CaDiFu.542
 204.372189 1.000000e-04 20  19  0  19  19  1 23CaDiFu.543
 204.539762 1.000000e-04 20  19  1  19  19  0 23CaDiFu.544
 209.217662 1.000000e-04 21   0  0  20   0  1 23CaDiFu.545
 209.244002 1.000000e-04 21   0  1  20   0  0 23CaDiFu.546
 209.229688 1.000000e-04 21   1  0  20   1  1 23CaDiFu.547
 209.256030 1.000000e-04 21   1  1  20   1  0 23CaDiFu.548
 209.265460 1.000000e-04 21   2  0  20   2  1 23CaDiFu.549
 209.292181 1.000000e-04 21   2  1  20   2  0 23CaDiFu.550
 209.366290 1.000000e-04 21   3  1  20   3  0 23CaDiFu.551
 209.338651 1.000000e-04 21  -3  1  20  -3  0 23CaDiFu.552
 209.338651 1.000000e-04 21   3  0  20   3  1 23CaDiFu.553
 209.311312 1.000000e-04 21  -3  0  20  -3  1 23CaDiFu.554
 209.437012 1.000000e-04 21   4  1  20   4  0 23CaDiFu.555
 209.408633 1.000000e-04 21   4  0  20   4  1 23CaDiFu.556
 209.546438 1.000000e-04 21   5  1  20   5  0 23CaDiFu.557
 209.516847 1.000000e-04 21   5  0  20   5  1 23CaDiFu.558
 209.680710 1.000000e-04 21   6  1  20   6  0 23CaDiFu.559
 209.649658 1.000000e-04 21   6  0  20   6  1 23CaDiFu.560
 209.840613 1.000000e-04 21   7  1  20   7  0 23CaDiFu.561
 209.807408 1.000000e-04 21   7  0  20   7  1 23CaDiFu.562
 210.026460 1.000000e-04 21   8  1  20   8  0 23CaDiFu.563
 209.990894 1.000000e-04 21   8  0  20   8  1 23CaDiFu.564
 210.238975 1.000000e-04 21   9  1  20   9  0 23CaDiFu.565
 210.200375 1.000000e-04 21   9  0  20   9  1 23CaDiFu.566
 210.478779 1.000000e-04 21  10  1  20  10  0 23CaDiFu.567
 210.436613 1.000000e-04 21  10  0  20  10  1 23CaDiFu.568
 210.747138 1.000000e-04 21  11  1  20  11  0 23CaDiFu.569
 210.700345 1.000000e-04 21  11  0  20  11  1 23CaDiFu.570
 211.044134 1.000000e-03 21  12  1  20  12  0 23CaDiFu.571
 210.992414 1.000000e-04 21  12  0  20  12  1 23CaDiFu.572
 211.372395 1.000000e-04 21  13  1  20  13  0 23CaDiFu.573
 211.313756 1.000000e-04 21  13  0  20  13  1 23CaDiFu.574
 211.665423 1.000000e-04 21  14  0  20  14  1 23CaDiFu.575
 211.732115 1.000000e-04 21  14  1  20  14  0 23CaDiFu.576
 212.048514 1.000000e-04 21  15  0  20  15  1 23CaDiFu.577
 212.125228 1.000000e-04 21  15  1  20  15  0 23CaDiFu.578
 212.464570 1.000000e-04 21  16  0  20  16  1 23CaDiFu.579
 212.553422 1.000000e-04 21  16  1  20  16  0 23CaDiFu.580
 212.914756 1.000000e-04 21  17  0  20  17  1 23CaDiFu.581
 213.018806 1.000000e-04 21  17  1  20  17  0 23CaDiFu.582
 213.400689 1.000000e-04 21  18  0  20  18  1 23CaDiFu.583
 213.523690 1.000000e-04 21  18  1  20  18  0 23CaDiFu.584
 213.924200 1.000000e-04 21  19  0  20  19  1 23CaDiFu.585
 214.071010 1.000000e-04 21  19  1  20  19  0 23CaDiFu.586
 214.486852 1.000000e-04 21  20  0  20  20  1 23CaDiFu.587
 214.663887 1.000000e-04 21  20  1  20  20  0 23CaDiFu.588
 218.545949 1.000000e-04 22   0  0  21   0  1 23CaDiFu.589
 218.569142 1.000000e-04 22   0  1  21   0  0 23CaDiFu.590
 218.558278 1.000000e-04 22   1  0  21   1  1 23CaDiFu.591
 218.581283 1.000000e-04 22   1  1  21   1  0 23CaDiFu.592
 218.594951 1.000000e-04 22   2  0  21   2  1 23CaDiFu.593
 218.618287 1.000000e-04 22   2  1  21   2  0 23CaDiFu.594
 218.673280 1.000000e-04 22   3  0  21   3  1 23CaDiFu.595
 218.639378 1.000000e-04 22  -3  0  21  -3  1 23CaDiFu.596
 218.697505 1.000000e-04 22   3  1  21   3  0 23CaDiFu.597
 218.662941 1.000000e-04 22  -3  1  21  -3  0 23CaDiFu.598
 218.742654 1.000000e-03 22   4  0  21   4  1 23CaDiFu.599
 218.767055 1.000000e-04 22   4  1  21   4  0 23CaDiFu.600
 218.853649 1.000000e-04 22   5  0  21   5  1 23CaDiFu.601
 218.879481 1.000000e-04 22   5  1  21   5  0 23CaDiFu.602
 219.017539 1.000000e-04 22   6  1  21   6  0 23CaDiFu.603
 218.990322 1.000000e-04 22   6  0  21   6  1 23CaDiFu.604
 219.152837 1.000000e-04 22   7  0  21   7  1 23CaDiFu.605
 219.181779 1.000000e-04 22   7  1  21   7  0 23CaDiFu.606
 219.372704 1.000000e-04 22   8  1  21   8  0 23CaDiFu.607
 219.341588 1.000000e-04 22   8  0  21   8  1 23CaDiFu.608
 219.590821 1.000000e-04 22   9  1  21   9  0 23CaDiFu.609
 219.557083 1.000000e-04 22   9  0  21   9  1 23CaDiFu.610
 219.837171 1.000000e-04 22  10  1  21  10  0 23CaDiFu.611
 219.800228 1.000000e-04 22  10  0  21  10  1 23CaDiFu.612
 220.112403 1.000000e-04 22  11  1  21  11  0 23CaDiFu.613
 220.071700 1.000000e-04 22  11  0  21  11  1 23CaDiFu.614
 220.417585 1.000000e-04 22  12  1  21  12  0 23CaDiFu.615
 220.372044 1.000000e-04 22  12  0  21  12  1 23CaDiFu.616
 220.753902 1.000000e-04 22  13  1  21  13  0 23CaDiFu.617
 220.702594 1.000000e-04 22  13  0  21  13  1 23CaDiFu.618
 221.122719 1.000000e-04 22  14  1  21  14  0 23CaDiFu.619
 221.064590 1.000000e-04 22  14  0  21  14  1 23CaDiFu.620
 221.525451 1.000000e-04 22  15  1  21  15  0 23CaDiFu.621
 221.458517 1.000000e-04 22  15  0  21  15  1 23CaDiFu.622
 221.963902 1.000000e-04 22  16  1  21  16  0 23CaDiFu.623
 221.886388 1.000000e-04 22  16  0  21  16  1 23CaDiFu.624
 222.440163 1.000000e-04 22  17  1  21  17  0 23CaDiFu.625
 222.349392 1.000000e-04 22  17  0  21  17  1 23CaDiFu.626
 222.849270 1.000000e-04 22  18  0  21  18  1 23CaDiFu.627
 222.956409 1.000000e-04 22  18  1  21  18  0 23CaDiFu.628
 223.387634 1.000000e-04 22  19  0  21  19  1 23CaDiFu.629
 223.515519 1.000000e-04 22  19  1  21  19  0 23CaDiFu.630
 223.966596 1.000000e-04 22  20  0  21  20  1 23CaDiFu.631
 224.120640 1.000000e-04 22  20  1  21  20  0 23CaDiFu.632
 224.587981 1.000000e-04 22  21  0  21  21  1 23CaDiFu.633
 224.775465 1.000000e-04 22  21  1  21  21  0 23CaDiFu.634
 227.794483 1.000000e-04 23   0  0  22   0  1 23CaDiFu.635
 227.814330 1.000000e-04 23   0  1  22   0  0 23CaDiFu.636
 227.806934 1.000000e-04 23   1  0  22   1  1 23CaDiFu.637
 227.826986 1.000000e-03 23   1  1  22   1  0 23CaDiFu.638
 227.844861 1.000000e-04 23   2  0  22   2  1 23CaDiFu.639
 227.865100 1.000000e-04 23   2  1  22   2  0 23CaDiFu.640
 227.928622 1.000000e-04 23   3  0  22   3  1 23CaDiFu.641
 227.886758 1.000000e-04 23  -3  0  22  -3  1 23CaDiFu.642
 227.949594 1.000000e-04 23   3  1  22   3  0 23CaDiFu.643
 227.907582 1.000000e-04 23  -3  1  22  -3  0 23CaDiFu.644
 227.995986 1.000000e-04 23   4  0  22   4  1 23CaDiFu.645
 228.017505 1.000000e-04 23   4  1  22   4  0 23CaDiFu.646
 228.110290 1.000000e-04 23   5  0  22   5  1 23CaDiFu.647
 228.132817 1.000000e-04 23   5  1  22   5  0 23CaDiFu.648
 228.250545 1.000000e-04 23   6  0  22   6  1 23CaDiFu.649
 228.274115 1.000000e-04 23   6  1  22   6  0 23CaDiFu.650
 228.417346 1.000000e-04 23   7  0  22   7  1 23CaDiFu.651
 228.442285 1.000000e-04 23   7  1  22   7  0 23CaDiFu.652
 228.611121 1.000000e-04 23   8  0  22   8  1 23CaDiFu.653
 228.638087 1.000000e-04 23   8  1  22   8  0 23CaDiFu.654
 228.861573 1.000000e-04 23   9  1  22   9  0 23CaDiFu.655
 228.832302 1.000000e-04 23   9  0  22   9  1 23CaDiFu.656
 229.113782 1.000000e-04 23  10  1  22  10  0 23CaDiFu.657
 229.081710 1.000000e-04 23  10  0  22  10  1 23CaDiFu.658
 229.395535 1.000000e-04 23  11  1  22  11  0 23CaDiFu.659
 229.360116 1.000000e-04 23  11  0  22  11  1 23CaDiFu.660
 229.707958 1.000000e-04 23  12  1  22  12  0 23CaDiFu.661
 229.668412 1.000000e-04 23  12  0  22  12  1 23CaDiFu.662
 230.007527 1.000000e-04 23  13  0  22  13  1 23CaDiFu.663
 230.052053 1.000000e-04 23  13  1  22  13  0 23CaDiFu.664
 230.378574 1.000000e-04 23  14  0  22  14  1 23CaDiFu.665
 230.429135 1.000000e-04 23  14  1  22  14  0 23CaDiFu.666
 230.782709 1.000000e-04 23  15  0  22  15  1 23CaDiFu.667
 230.840999 1.000000e-04 23  15  1  22  15  0 23CaDiFu.668
 231.221443 1.000000e-04 23  16  0  22  16  1 23CaDiFu.669
 231.288912 1.000000e-04 23  16  1  22  16  0 23CaDiFu.670
 231.696263 1.000000e-04 23  17  0  22  17  1 23CaDiFu.671
 231.774981 1.000000e-04 23  17  1  22  17  0 23CaDiFu.672
 232.208741 1.000000e-04 23  18  0  22  18  1 23CaDiFu.673
 232.301638 1.000000e-04 23  18  1  22  18  0 23CaDiFu.674
 232.760968 1.000000e-04 23  19  0  22  19  1 23CaDiFu.675
 232.871613 1.000000e-04 23  19  1  22  19  0 23CaDiFu.676
 233.354376 1.000000e-04 23  20  0  22  20  1 23CaDiFu.677
 233.487639 1.000000e-04 23  20  1  22  20  0 23CaDiFu.678
 233.991688 1.000000e-04 23  21  0  22  21  1 23CaDiFu.679
 234.153806 1.000000e-04 23  21  1  22  21  0 23CaDiFu.680
 234.674953 1.000000e-04 23  22  0  22  22  1 23CaDiFu.681
 234.874020 1.000000e-04 23  22  1  22  22  0 23CaDiFu.682
 236.961668 1.000000e-04 24   0  0  23   0  1 23CaDiFu.683
 236.974169 1.000000e-04 24   1  0  23   1  1 23CaDiFu.684
 236.991894 1.000000e-04 24   1  1  23   1  0 23CaDiFu.685
 237.013080 1.000000e-04 24   2  0  23   2  1 23CaDiFu.686
 237.030496 1.000000e-04 24   2  1  23   2  0 23CaDiFu.687
 237.049962 1.000000e-03 24  -3  0  23  -3  1 23CaDiFu.688
 237.102735 1.000000e-04 24   3  0  23   3  1 23CaDiFu.689
 237.120734 1.000000e-04 24   3  1  23   3  0 23CaDiFu.690
 237.069773 1.000000e-04 24  -3  1  23  -3  0 23CaDiFu.691
 237.168046 1.000000e-03 24   4  0  23   4  1 23CaDiFu.692
 237.186380 1.000000e-04 24   4  1  23   4  0 23CaDiFu.693
 237.285038 1.000000e-04 24   5  0  23   5  1 23CaDiFu.694
 237.304249 1.000000e-04 24   5  1  23   5  0 23CaDiFu.695
 237.428388 1.000000e-04 24   6  0  23   6  1 23CaDiFu.696
 237.449043 1.000000e-04 24   6  1  23   6  0 23CaDiFu.697
 237.599382 1.000000e-04 24   7  0  23   7  1 23CaDiFu.698
 237.621015 1.000000e-04 24   7  1  23   7  0 23CaDiFu.699
 237.797496 1.000000e-04 24   8  0  23   8  1 23CaDiFu.700
 237.820858 1.000000e-04 24   8  1  23   8  0 23CaDiFu.701
 238.023829 1.000000e-04 24   9  0  23   9  1 23CaDiFu.702
 238.049240 1.000000e-04 24   9  1  23   9  0 23CaDiFu.703
 238.279724 1.000000e-03 24  10  0  23  10  1 23CaDiFu.704
 238.306995 1.000000e-04 24  10  1  23  10  0 23CaDiFu.705
 238.594837 1.000000e-04 24  11  1  23  11  0 23CaDiFu.706
 238.564305 1.000000e-04 24  11  0  23  11  1 23CaDiFu.707
 238.913872 1.000000e-04 24  12  1  23  12  0 23CaDiFu.708
 238.879770 1.000000e-04 24  12  0  23  12  1 23CaDiFu.709
 239.264974 1.000000e-04 24  13  1  23  13  0 23CaDiFu.710
 239.226381 1.000000e-04 24  13  0  23  13  1 23CaDiFu.711
 239.649820 1.000000e-04 24  14  1  23  14  0 23CaDiFu.712
 239.606192 1.000000e-04 24  14  0  23  14  1 23CaDiFu.713
 240.069660 1.000000e-04 24  15  1  23  15  0 23CaDiFu.714
 240.019591 1.000000e-04 24  15  0  23  15  1 23CaDiFu.715
 240.526134 1.000000e-03 24  16  1  23  16  0 23CaDiFu.716
 240.468220 1.000000e-04 24  16  0  23  16  1 23CaDiFu.717
 241.021559 1.000000e-04 24  17  1  23  17  0 23CaDiFu.718
 240.953724 1.000000e-04 24  17  0  23  17  1 23CaDiFu.719
 241.557966 1.000000e-03 24  18  1  23  18  0 23CaDiFu.720
 241.477805 1.000000e-04 24  18  0  23  18  1 23CaDiFu.721
 242.137589 1.000000e-04 24  19  1  23  19  0 23CaDiFu.722
 242.042129 1.000000e-04 24  19  0  23  19  1 23CaDiFu.723
 242.763807 1.000000e-04 24  20  1  23  20  0 23CaDiFu.724
 242.648799 1.000000e-04 24  20  0  23  20  1 23CaDiFu.725
 243.439685 1.000000e-04 24  21  1  23  21  0 23CaDiFu.726
 243.300588 1.000000e-04 24  21  0  23  21  1 23CaDiFu.727
 244.170167 1.000000e-04 24  22  1  23  22  0 23CaDiFu.728
 243.999142 1.000000e-04 24  22  0  23  22  1 23CaDiFu.729
 244.959310 1.000000e-04 24  23  1  23  23  0 23CaDiFu.730
 244.747371 1.000000e-04 24  23  0  23  23  1 23CaDiFu.731
 246.045335 1.000000e-04 25   0  0  24   0  1 23CaDiFu.732
 246.060697 1.000000e-04 25   0  1  24   0  0 23CaDiFu.733
 246.059882 1.000000e-03 25   1  0  24   1  1 23CaDiFu.734
 246.073706 1.000000e-04 25   1  1  24   1  0 23CaDiFu.735
 246.098733 1.000000e-04 25   2  0  24   2  1 23CaDiFu.736
 246.113671 1.000000e-04 25   2  1  24   2  0 23CaDiFu.737
 246.194392 1.000000e-04 25   3  0  24   3  1 23CaDiFu.738
 246.133777 1.000000e-04 25  -3  0  24  -3  1 23CaDiFu.739
 246.210242 1.000000e-04 25   3  1  24   3  0 23CaDiFu.740
 246.151046 1.000000e-03 25  -3  1  24  -3  0 23CaDiFu.741
 246.256066 1.000000e-04 25   4  0  24   4  1 23CaDiFu.742
 246.271907 1.000000e-04 25   4  1  24   4  0 23CaDiFu.743
 246.375983 1.000000e-04 25   5  0  24   5  1 23CaDiFu.744
 246.391251 1.000000e-03 25   5  1  24   5  0 23CaDiFu.745
 246.522706 1.000000e-04 25   6  0  24   6  1 23CaDiFu.746
 246.539952 1.000000e-04 25   6  1  24   6  0 23CaDiFu.747
 246.696861 1.000000e-04 25   7  0  24   7  1 23CaDiFu.748
 246.715594 1.000000e-04 25   7  1  24   7  0 23CaDiFu.749
 246.899602 1.000000e-04 25   8  0  24   8  1 23CaDiFu.750
 246.919293 1.000000e-04 25   8  1  24   8  0 23CaDiFu.751
 247.130800 1.000000e-04 25   9  0  24   9  1 23CaDiFu.752
 247.152409 1.000000e-04 25   9  1  24   9  0 23CaDiFu.753
 247.391507 1.000000e-04 25  10  0  24  10  1 23CaDiFu.754
 247.415611 1.000000e-04 25  10  1  24  10  0 23CaDiFu.755
 247.682365 1.000000e-04 25  11  0  24  11  1 23CaDiFu.756
 247.708380 1.000000e-04 25  11  1  24  11  0 23CaDiFu.757
 248.004209 1.000000e-04 25  12  0  24  12  1 23CaDiFu.758
 248.033503 1.000000e-04 25  12  1  24  12  0 23CaDiFu.759
 248.358264 1.000000e-04 25  13  0  24  13  1 23CaDiFu.760
 248.391215 1.000000e-04 25  13  1  24  13  0 23CaDiFu.761
 248.745470 1.000000e-04 25  14  0  24  14  1 23CaDiFu.762
 248.782934 1.000000e-04 25  14  1  24  14  0 23CaDiFu.763
 249.167530 1.000000e-04 25  15  0  24  15  1 23CaDiFu.764
 249.210359 1.000000e-04 25  15  1  24  15  0 23CaDiFu.765
 249.625193 1.000000e-04 25  16  0  24  16  1 23CaDiFu.766
 249.674906 1.000000e-04 25  16  1  24  16  0 23CaDiFu.767
 250.120392 1.000000e-04 25  17  0  24  17  1 23CaDiFu.768
 250.178482 1.000000e-04 25  17  1  24  17  0 23CaDiFu.769
 250.654772 1.000000e-04 25  18  0  24  18  1 23CaDiFu.770
 250.723343 1.000000e-04 25  18  1  24  18  0 23CaDiFu.771
 251.230225 1.000000e-04 25  19  0  24  19  1 23CaDiFu.772
 251.311942 1.000000e-04 25  19  1  24  19  0 23CaDiFu.773
 251.848872 1.000000e-04 25  20  0  24  20  1 23CaDiFu.774
 251.947206 1.000000e-04 25  20  1  24  20  0 23CaDiFu.775
 252.513236 1.000000e-04 25  21  0  24  21  1 23CaDiFu.776
 252.632440 1.000000e-04 25  21  1  24  21  0 23CaDiFu.777
 253.225418 1.000000e-04 25  22  0  24  22  1 23CaDiFu.778
 253.371589 1.000000e-04 25  22  1  24  22  0 23CaDiFu.779
 253.988365 1.000000e-04 25  23  0  24  23  1 23CaDiFu.780
 254.169330 1.000000e-04 25  23  1  24  23  0 23CaDiFu.781
 254.804729 1.000000e-04 25  24  0  24  24  1 23CaDiFu.782
 255.031041 1.000000e-04 25  24  1  24  24  0 23CaDiFu.783
 255.259837 1.000000e-04 26   4  0  25   4  1 23CaDiFu.784
 255.273645 1.000000e-03 26   4  1  25   4  0 23CaDiFu.785
 255.381604 1.000000e-03 26   5  0  25   5  1 23CaDiFu.786
 255.396011 1.000000e-04 26   5  1  25   5  0 23CaDiFu.787
 255.531531 1.000000e-04 26   6  0  25   6  1 23CaDiFu.788
 255.546274 1.000000e-04 26   6  1  25   6  0 23CaDiFu.789
 255.709082 1.000000e-04 26   7  0  25   7  1 23CaDiFu.790
 255.725309 1.000000e-03 26   7  1  25   7  0 23CaDiFu.791
 255.915856 1.000000e-04 26   8  0  25   8  1 23CaDiFu.792
 255.932678 1.000000e-04 26   8  1  25   8  0 23CaDiFu.793
 256.151161 1.000000e-04 26   9  0  25   9  1 23CaDiFu.794
 256.169472 1.000000e-04 26   9  1  25   9  0 23CaDiFu.795
 256.416496 1.000000e-04 26  10  0  25  10  1 23CaDiFu.796
 256.436759 1.000000e-04 26  10  1  25  10  0 23CaDiFu.797
 256.713097 1.000000e-04 26  11  0  25  11  1 23CaDiFu.798
 256.735060 1.000000e-04 26  11  1  25  11  0 23CaDiFu.799
 257.041203 1.000000e-04 26  12  0  25  12  1 23CaDiFu.800
 257.065790 1.000000e-04 26  12  1  25  12  0 23CaDiFu.801
 257.401505 1.000000e-04 26  13  0  25  13  1 23CaDiFu.802
 257.429391 1.000000e-04 26  13  1  25  13  0 23CaDiFu.803
 257.795914 1.000000e-03 26  14  0  25  14  1 23CaDiFu.804
 257.827366 1.000000e-04 26  14  1  25  14  0 23CaDiFu.805
 258.225209 1.000000e-04 26  15  0  25  15  1 23CaDiFu.806
 258.261673 1.000000e-04 26  15  1  25  15  0 23CaDiFu.807
 258.690896 1.000000e-04 26  16  0  25  16  1 23CaDiFu.808
 258.733415 1.000000e-04 26  16  1  25  16  0 23CaDiFu.809
 259.244765 1.000000e-04 26  17  1  25  17  0 23CaDiFu.810
 259.195019 1.000000e-04 26  17  0  25  17  1 23CaDiFu.811
 259.797042 1.000000e-04 26  18  1  25  18  0 23CaDiFu.812
 259.738597 1.000000e-04 26  18  0  25  18  1 23CaDiFu.813
 260.393457 1.000000e-04 26  19  1  25  19  0 23CaDiFu.814
 260.323877 1.000000e-04 26  19  0  25  19  1 23CaDiFu.815
 261.036883 1.000000e-04 26  20  1  25  20  0 23CaDiFu.816
 260.953072 1.000000e-04 26  20  0  25  20  1 23CaDiFu.817
 261.730083 1.000000e-04 26  21  1  25  21  0 23CaDiFu.818
 261.628583 1.000000e-04 26  21  0  25  21  1 23CaDiFu.819
 262.477121 1.000000e-04 26  22  1  25  22  0 23CaDiFu.820
 262.353084 1.000000e-03 26  22  0  25  22  1 23CaDiFu.821
 263.282279 1.000000e-04 26  23  1  25  23  0 23CaDiFu.822
 263.128563 1.000000e-04 26  23  0  25  23  1 23CaDiFu.823
 264.150759 1.000000e-04 26  24  1  25  24  0 23CaDiFu.824
 263.958772 1.000000e-04 26  24  0  25  24  1 23CaDiFu.825
 265.088997 1.000000e-04 26  25  1  25  25  0 23CaDiFu.826
 264.846841 1.000000e-04 26  25  0  25  25  1 23CaDiFu.827
 265.083198 1.000000e-03 27   9  0  26   9  1 23CaDiFu.828
 265.098999 1.000000e-04 27   9  1  26   9  0 23CaDiFu.829
 265.353918 1.000000e-04 27  10  0  26  10  1 23CaDiFu.830
 265.370204 1.000000e-04 27  10  1  26  10  0 23CaDiFu.831
 265.655024 1.000000e-04 27  11  0  26  11  1 23CaDiFu.832
 265.673191 1.000000e-04 27  11  1  26  11  0 23CaDiFu.833
 265.988095 1.000000e-04 27  12  0  26  12  1 23CaDiFu.834
 266.008676 1.000000e-03 27  12  1  26  12  0 23CaDiFu.835
 266.354414 1.000000e-04 27  13  0  26  13  1 23CaDiFu.836
 266.378667 1.000000e-04 27  13  1  26  13  0 23CaDiFu.837
 266.755809 1.000000e-03 27  14  0  26  14  1 23CaDiFu.838
 266.782151 1.000000e-04 27  14  1  26  14  0 23CaDiFu.839
 267.190790 1.000000e-04 27  15  0  26  15  1 23CaDiFu.840
 267.222500 1.000000e-04 27  15  1  26  15  0 23CaDiFu.841
 267.664483 1.000000e-03 27  16  0  26  16  1 23CaDiFu.842
 267.700452 1.000000e-04 27  16  1  26  16  0 23CaDiFu.843
 268.176254 1.000000e-04 27  17  0  26  17  1 23CaDiFu.844
 268.217437 1.000000e-03 27  17  1  26  17  0 23CaDiFu.845
 268.728183 1.000000e-04 27  18  0  26  18  1 23CaDiFu.846
 268.777695 1.000000e-04 27  18  1  26  18  0 23CaDiFu.847
 269.322233 1.000000e-04 27  19  0  26  19  1 23CaDiFu.848
 269.381146 1.000000e-04 27  19  1  26  19  0 23CaDiFu.849
 269.960420 1.000000e-03 27  20  0  26  20  1 23CaDiFu.850
 270.031602 1.000000e-04 27  20  1  26  20  0 23CaDiFu.851
 270.646105 1.000000e-04 27  21  0  26  21  1 23CaDiFu.852
 270.731877 1.000000e-04 27  21  1  26  21  0 23CaDiFu.853
 271.380845 1.000000e-04 27  22  0  26  22  1 23CaDiFu.854
 271.485747 1.000000e-04 27  22  1  26  22  0 23CaDiFu.855
 272.167512 1.000000e-04 27  23  0  26  23  1 23CaDiFu.856
 272.297314 1.000000e-04 27  23  1  26  23  0 23CaDiFu.857
 273.009503 1.000000e-04 27  24  0  26  24  1 23CaDiFu.858
 273.171536 1.000000e-04 27  24  1  26  24  0 23CaDiFu.859
 273.910186 1.000000e-04 27  25  0  26  25  1 23CaDiFu.860
 274.114352 1.000000e-04 27  25  1  26  25  0 23CaDiFu.861
 274.873133 1.000000e-04 27  26  0  26  26  1 23CaDiFu.862
 275.132880 1.000000e-04 27  26  1  26  26  0 23CaDiFu.863
 274.862303 1.000000e-04 28  12  1  27  12  0 23CaDiFu.864
 274.844960 1.000000e-04 28  12  0  27  12  1 23CaDiFu.865
 275.234283 1.000000e-03 28  13  1  27  13  0 23CaDiFu.866
 275.217098 1.000000e-04 28  13  0  27  13  1 23CaDiFu.867
 275.645936 1.000000e-04 28  14  1  27  14  0 23CaDiFu.868
 275.623419 1.000000e-04 28  14  0  27  14  1 23CaDiFu.869
 276.091120 1.000000e-04 28  15  1  27  15  0 23CaDiFu.870
 276.575218 1.000000e-04 28  16  1  27  16  0 23CaDiFu.871
 277.097919 1.000000e-03 28  17  1  27  17  0 23CaDiFu.872
 277.664519 1.000000e-04 28  18  1  27  18  0 23CaDiFu.873
 277.622792 1.000000e-04 28  18  0  27  18  1 23CaDiFu.874
 278.274845 1.000000e-04 28  19  1  27  19  0 23CaDiFu.875
 278.224404 1.000000e-04 28  19  0  27  19  1 23CaDiFu.876
 278.930375 1.000000e-04 28  20  1  27  20  0 23CaDiFu.877
 278.871125 1.000000e-04 28  20  0  27  20  1 23CaDiFu.878
 279.637165 1.000000e-04 28  21  1  27  21  0 23CaDiFu.879
 279.564956 1.000000e-04 28  21  0  27  21  1 23CaDiFu.880
 280.396637 1.000000e-04 28  22  1  27  22  0 23CaDiFu.881
 280.308309 1.000000e-04 28  22  0  27  22  1 23CaDiFu.882
 281.213737 1.000000e-04 28  23  1  27  23  0 23CaDiFu.883
 281.105263 1.000000e-04 28  23  0  27  23  1 23CaDiFu.884
 281.956705 1.000000e-04 28  24  0  27  24  1 23CaDiFu.885
 282.092564 1.000000e-04 28  24  1  27  24  0 23CaDiFu.886
 282.867959 1.000000e-04 28  25  0  27  25  1 23CaDiFu.887
 283.039076 1.000000e-04 28  25  1  27  25  0 23CaDiFu.888
 283.842152 1.000000e-04 28  26  0  27  26  1 23CaDiFu.889
 284.059796 1.000000e-04 28  26  1  27  26  0 23CaDiFu.890
 284.883142 1.000000e-04 28  27  0  27  27  1 23CaDiFu.891
 285.162648 1.000000e-04 28  27  1  27  27  0 23CaDiFu.892
 288.444697 1.000000e-04 29  21  1  28  21  0 23CaDiFu.893
 288.384465 1.000000e-04 29  21  0  28  21  1 23CaDiFu.894
 290.031175 1.000000e-04 29  23  1  28  23  0 23CaDiFu.895
 289.940318 1.000000e-04 29  23  0  28  23  1 23CaDiFu.896
 290.800267 1.000000e-04 29  24  0  28  24  1 23CaDiFu.897
 290.913398 1.000000e-04 29  24  1  28  24  0 23CaDiFu.898
 291.720349 1.000000e-04 29  25  0  28  25  1 23CaDiFu.899
 291.862908 1.000000e-04 29  25  1  28  25  0 23CaDiFu.900
 292.703022 1.000000e-04 29  26  0  28  26  1 23CaDiFu.901
 292.885268 1.000000e-04 29  26  1  28  26  0 23CaDiFu.902
 293.986637 1.000000e-04 29  27  1  28  27  0 23CaDiFu.903
 293.753106 1.000000e-04 29  27  0  28  27  1 23CaDiFu.904
 294.876734 1.000000e-04 29  28  0  28  28  1 23CaDiFu.905
 295.177863 1.000000e-04 29  28  1  28  28  0 23CaDiFu.906
 301.607091 1.000000e-04 30  26  1  29  26  0 23CaDiFu.907
 302.706942 1.000000e-03 30  27  1  29  27  0 23CaDiFu.908
 302.515105 1.000000e-04 30  27  0  29  27  1 23CaDiFu.909
 303.644241 1.000000e-03 30  28  0  29  28  1 23CaDiFu.910
 303.895053 1.000000e-04 30  28  1  29  28  0 23CaDiFu.911
 304.852701 1.000000e-03 30  29  0  29  29  1 23CaDiFu.912
 305.178827 1.000000e-04 30  29  1  29  29  0 23CaDiFu.913
 314.811985 1.000000e-04 31  30  0  30  30  1 23CaDiFu.914
 315.165300 1.000000e-04 31  30  1  30  30  0 23CaDiFu.915